0 -200.0 -193.97 1.0
1 -200.0 -184.53 1.0
2 -200.0 -191.96 1.0
3 -200.0 -183.92 1.0
4 -200.0 -132.75 1.0
5 -200.0 -121.73 1.0
6 -200.0 -115.51 1.0
7 -200.0 -108.04 1.0
8 -200.0 -111.86 1.0
9 -200.0 -117.31 1.0
10 -200.0 -146.8 1.0
11 -200.0 -148.98 1.0
12 -200.0 -117.04 1.0
13 -200.0 -113.2 1.0
14 -200.0 -137.28 1.0
15 -200.0 -131.73 1.0
16 -200.0 -124.45 1.0
17 -200.0 -139.67 1.0
18 -200.0 -137.35 1.0
19 -200.0 -141.01 1.0
20 -200.0 -154.27 1.0
21 -200.0 -136.36 1.0
22 -200.0 -140.59 1.0
23 -200.0 -137.57 1.0
24 -200.0 -131.12 1.0
25 -200.0 -133.19 1.0
26 -200.0 -145.94 1.0
27 -200.0 -153.82 1.0
28 -200.0 -133.89 1.0
29 -200.0 -134.33 1.0
30 -200.0 -157.73 1.0
31 -200.0 -123.9 1.0
32 -200.0 -135.13 1.0
33 -200.0 -146.1 1.0
34 -200.0 -149.1 1.0
35 -200.0 -150.18 1.0
36 -200.0 -122.25 1.0
37 -200.0 -111.42 1.0
38 -200.0 -118.79 1.0
39 -200.0 -127.15 1.0
40 -200.0 -136.94 1.0
41 -200.0 -131.58 1.0
42 -200.0 -139.9 1.0
43 -200.0 -124.67 1.0
44 -200.0 -129.77 1.0
45 -200.0 -127.17 1.0
46 -200.0 -128.24 1.0
47 -200.0 -115.56 1.0
48 -200.0 -132.92 1.0
49 -200.0 -133.65 1.0
50 -200.0 -118.47 1.0
51 -200.0 -122.67 1.0
52 -200.0 -125.12 1.0
53 -200.0 -110.85 1.0
54 -200.0 -126.91 1.0
55 -200.0 -118.77 1.0
56 -200.0 -127.54 1.0
57 -200.0 -112.35 1.0
58 -200.0 -125.82 1.0
59 -200.0 -131.67 1.0
60 -200.0 -112.88 1.0
61 -200.0 -131.89 1.0
62 -200.0 -119.57 1.0
63 -200.0 -123.83 -39.0
64 -200.0 -116.09 1.0
65 -200.0 -107.77 1.0
66 -200.0 -139.42 1.0
67 -200.0 -110.07 1.0
68 -200.0 -113.44 1.0
69 -200.0 -113.57 1.0
70 -200.0 -134.51 1.0
71 -200.0 -122.04 1.0
72 -200.0 -113.79 1.0
73 -200.0 -127.48 1.0
74 -200.0 -120.01 1.0
75 -200.0 -101.72 1.0
76 -200.0 -111.98 1.0
77 -200.0 -113.75 1.0
78 -200.0 -110.08 1.0
79 -200.0 -96.8 1.0
80 -200.0 -114.33 1.0
81 -200.0 -127.91 1.0
82 -200.0 -121.33 1.0
83 -200.0 -123.33 1.0
84 -200.0 -90.4 1.0
85 -200.0 -129.39 1.0
86 -200.0 -100.39 1.0
87 -200.0 -101.73 1.0
88 -200.0 -104.24 1.0
89 -200.0 -111.4 1.0
90 -200.0 -118.59 1.0
91 -200.0 -123.03 1.0
92 -200.0 -120.98 1.0
93 -200.0 -125.51 1.0
94 -200.0 -112.02 1.0
95 -200.0 -123.07 1.0
96 -200.0 -122.69 1.0
97 -200.0 -119.92 1.0
98 -200.0 -127.57 1.0
99 -200.0 -130.03 1.0