0 -200.0 -200.0 -200.0
1 -200.0 -173.73 -153.0
0 -200.0 -200.0 -200.0
1 -182.0 -141.26 -132.0
2 -200.0 -200.0 -200.0
3 -200.0 -198.62 -131.0
4 -200.0 -199.16 -116.0
5 -200.0 -121.58 -82.0
6 -166.0 -141.72 -85.0
7 -174.0 -129.47 -82.0
8 -158.0 -131.56 -108.0
9 -200.0 -158.24 -89.0
10 -200.0 -150.29 -96.0
11 -144.0 -126.74 -81.0
12 -200.0 -162.31 -151.0
13 -161.0 -113.58 -102.0
14 -200.0 -200.0 -200.0
15 -200.0 -125.09 -111.0
16 -174.0 -119.81 -88.0
17 -200.0 -177.51 -83.0
18 -200.0 -195.51 -167.0
19 -200.0 -141.11 -95.0
20 -172.0 -131.88 -82.0
21 -200.0 -141.84 -86.0
22 -175.0 -145.5 -122.0
23 -189.0 -149.19 -120.0
24 -200.0 -136.49 -84.0
25 -200.0 -161.54 -137.0
26 -200.0 -128.02 -83.0
27 -200.0 -122.45 -113.0
28 -143.0 -125.89 -84.0
29 -200.0 -197.56 -195.0
30 -200.0 -130.41 -112.0
31 -200.0 -200.0 -200.0
32 -200.0 -131.47 -84.0
33 -188.0 -121.76 -83.0
34 -168.0 -119.1 -84.0
35 -200.0 -183.41 -118.0
36 -179.0 -134.55 -87.0
37 -200.0 -199.48 -194.0
38 -200.0 -159.29 -81.0
39 -200.0 -138.74 -111.0
40 -200.0 -150.31 -106.0
41 -200.0 -186.93 -84.0
42 -200.0 -169.23 -96.0
43 -200.0 -199.37 -137.0
44 -200.0 -200.0 -200.0
45 -115.0 -112.77 -109.0
46 -111.0 -102.43 -81.0
47 -200.0 -131.93 -81.0
48 -121.0 -114.37 -109.0
49 -200.0 -171.0 -84.0
50 -200.0 -200.0 -200.0
51 -200.0 -144.73 -81.0
52 -200.0 -169.46 -114.0
53 -178.0 -170.77 -166.0
54 -141.0 -136.68 -135.0
55 -200.0 -191.77 -81.0
56 -200.0 -163.36 -113.0
57 -200.0 -200.0 -200.0
58 -188.0 -136.05 -133.0
59 -200.0 -142.79 -82.0
60 -182.0 -128.41 -81.0
61 -168.0 -121.62 -84.0
62 -200.0 -199.53 -194.0
63 -200.0 -154.84 -137.0
64 -200.0 -131.65 -109.0
65 -136.0 -112.51 -85.0
66 -200.0 -200.0 -200.0
67 -139.0 -127.93 -83.0
68 -200.0 -157.33 -137.0
69 -200.0 -148.47 -118.0
70 -108.0 -101.97 -81.0
71 -200.0 -191.02 -149.0
72 -200.0 -117.3 -85.0
73 -200.0 -151.47 -104.0
74 -200.0 -129.13 -96.0
75 -200.0 -137.45 -81.0
76 -200.0 -200.0 -200.0
77 -168.0 -130.28 -82.0
78 -177.0 -132.75 -81.0
79 -200.0 -126.53 -81.0
80 -200.0 -200.0 -200.0
81 -200.0 -151.96 -118.0
82 -200.0 -191.27 -111.0
83 -162.0 -134.75 -82.0
84 -200.0 -136.71 -84.0
85 -200.0 -200.0 -200.0
86 -200.0 -200.0 -200.0
87 -200.0 -174.98 -88.0
88 -198.0 -131.34 -83.0
89 -174.0 -148.16 -100.0
90 -200.0 -132.63 -81.0
91 -200.0 -131.81 -83.0
92 -144.0 -138.99 -137.0
93 -200.0 -131.45 -84.0
94 -170.0 -119.53 -88.0
95 -200.0 -116.56 -106.0
96 -200.0 -155.33 -111.0
97 -198.0 -142.52 -104.0
98 -200.0 -196.4 -174.0
99 -200.0 -151.98 -83.0
