0 -200.0 -200.0 -200.0
1 -200.0 -200.0 -200.0
2 -200.0 -200.0 -200.0
3 -200.0 -200.0 -200.0
4 -200.0 -200.0 -200.0
5 -200.0 -200.0 -200.0
6 -200.0 -200.0 -200.0
7 -200.0 -200.0 -200.0
8 -200.0 -200.0 -200.0
9 -200.0 -200.0 -200.0
10 -200.0 -200.0 -200.0
11 -200.0 -200.0 -200.0
12 -200.0 -200.0 -200.0
13 -200.0 -200.0 -200.0
14 -200.0 -200.0 -200.0
15 -200.0 -200.0 -200.0
16 -200.0 -200.0 -200.0
17 -200.0 -200.0 -200.0
18 -200.0 -173.7 -86.0
19 -200.0 -151.63 -85.0
20 -200.0 -200.0 -200.0
21 -200.0 -181.3 -176.0
22 -200.0 -138.2 -81.0
23 -200.0 -137.5 -81.0
24 -200.0 -134.0 -82.0
25 -200.0 -134.22 -81.0
26 -200.0 -143.99 -81.0
27 -200.0 -152.5 -82.0
28 -200.0 -146.09 -82.0
29 -200.0 -142.49 -82.0
30 -200.0 -143.98 -82.0
31 -200.0 -153.47 -83.0
32 -200.0 -149.46 -83.0
33 -200.0 -153.63 -84.0
34 -200.0 -149.59 -83.0
35 -200.0 -160.85 -87.0
36 -200.0 -156.75 -87.0
37 -200.0 -163.02 -91.0
38 -200.0 -155.02 -89.0
39 -200.0 -140.5 -88.0
40 -200.0 -150.8 -88.0
41 -200.0 -148.77 -88.0
42 -200.0 -152.38 -126.0
43 -200.0 -156.91 -129.0
44 -200.0 -156.59 -130.0
45 -200.0 -149.01 -120.0
46 -200.0 -153.33 -120.0
47 -200.0 -152.73 -121.0
48 -200.0 -155.8 -122.0
49 -200.0 -156.32 -123.0
50 -200.0 -157.66 -121.0
51 -200.0 -158.73 -120.0
52 -200.0 -129.9 -118.0
53 -200.0 -125.97 -82.0
54 -122.0 -114.63 -81.0
55 -200.0 -128.05 -115.0
56 -127.0 -112.98 -83.0
57 -191.0 -107.29 -82.0
58 -200.0 -124.03 -97.0
59 -200.0 -132.68 -116.0
60 -200.0 -123.85 -95.0
61 -200.0 -128.04 -116.0
62 -200.0 -144.71 -88.0
63 -200.0 -144.61 -93.0
64 -200.0 -148.23 -121.0
65 -191.0 -133.09 -81.0
66 -194.0 -127.49 -82.0
67 -200.0 -131.03 -82.0
68 -189.0 -126.15 -81.0
69 -186.0 -136.64 -85.0
70 -200.0 -129.08 -81.0
71 -191.0 -135.07 -81.0
72 -194.0 -128.88 -81.0
73 -195.0 -122.52 -81.0
74 -182.0 -129.56 -81.0
75 -197.0 -113.73 -81.0
76 -186.0 -109.32 -81.0
77 -200.0 -102.69 -81.0
78 -200.0 -99.75 -81.0
79 -172.0 -104.09 -81.0
80 -183.0 -114.13 -81.0
81 -184.0 -107.73 -81.0
82 -200.0 -113.59 -81.0
83 -200.0 -123.53 -81.0
84 -200.0 -115.4 -81.0
85 -183.0 -123.47 -81.0
86 -193.0 -124.43 -81.0
87 -200.0 -131.73 -81.0
88 -178.0 -120.72 -81.0
89 -200.0 -132.04 -81.0
90 -194.0 -123.99 -81.0
91 -188.0 -127.65 -81.0
92 -200.0 -120.85 -81.0
93 -200.0 -127.15 -82.0
94 -198.0 -106.14 -81.0
95 -188.0 -131.85 -82.0
96 -200.0 -112.32 -81.0
97 -114.0 -102.66 -81.0
98 -180.0 -131.38 -81.0
99 -196.0 -122.38 -81.0
