0 -200.0 -200.0 -200.0
1 -200.0 -200.0 -200.0
2 -200.0 -200.0 -200.0
3 -200.0 -147.01 -116.0
4 -200.0 -189.17 -136.0
5 -200.0 -200.0 -200.0
6 -190.0 -120.26 -89.0
7 -122.0 -116.0 -110.0
8 -164.0 -115.47 -85.0
9 -183.0 -122.15 -104.0
10 -116.0 -103.64 -81.0
11 -173.0 -119.98 -107.0
12 -142.0 -106.88 -82.0
13 -200.0 -129.01 -108.0
14 -185.0 -133.26 -106.0
15 -200.0 -127.25 -84.0
16 -200.0 -128.28 -106.0
17 -173.0 -127.06 -83.0
18 -169.0 -114.81 -84.0
19 -200.0 -124.55 -84.0
20 -200.0 -183.55 -82.0
21 -200.0 -127.26 -115.0
22 -200.0 -116.75 -109.0
23 -113.0 -103.62 -81.0
24 -200.0 -132.26 -121.0
25 -114.0 -104.66 -82.0
26 -186.0 -128.71 -83.0
27 -181.0 -132.47 -83.0
28 -200.0 -180.33 -86.0
29 -200.0 -126.47 -81.0
30 -200.0 -122.32 -81.0
31 -110.0 -100.95 -81.0
32 -200.0 -120.58 -89.0
33 -200.0 -127.65 -103.0
34 -113.0 -105.91 -82.0
35 -200.0 -121.25 -82.0
36 -200.0 -129.83 -88.0
37 -200.0 -176.36 -149.0
38 -200.0 -129.08 -85.0
39 -200.0 -190.87 -84.0
40 -200.0 -132.32 -81.0
41 -200.0 -200.0 -200.0
42 -194.0 -132.75 -83.0
43 -200.0 -125.81 -83.0
44 -200.0 -196.0 -177.0
45 -200.0 -152.81 -97.0
46 -200.0 -119.94 -112.0
47 -109.0 -101.32 -81.0
48 -200.0 -158.81 -124.0
49 -167.0 -138.25 -134.0
50 -200.0 -148.49 -140.0
51 -109.0 -101.16 -81.0
52 -200.0 -127.38 -82.0
53 -200.0 -147.91 -84.0
54 -200.0 -130.0 -81.0
55 -200.0 -122.4 -81.0
56 -200.0 -127.29 -84.0
57 -200.0 -128.91 -83.0
58 -200.0 -163.85 -81.0
59 -200.0 -182.79 -81.0
60 -200.0 -132.1 -99.0
61 -200.0 -156.74 -86.0
62 -200.0 -120.25 -84.0
63 -200.0 -121.26 -83.0
64 -106.0 -100.1 -81.0
65 -112.0 -103.41 -81.0
66 -200.0 -200.0 -200.0
67 -200.0 -190.77 -83.0
68 -200.0 -132.77 -97.0
69 -114.0 -105.53 -89.0
70 -106.0 -101.52 -84.0
71 -177.0 -132.87 -104.0
72 -200.0 -170.53 -113.0
73 -141.0 -135.61 -131.0
74 -200.0 -173.41 -88.0
75 -106.0 -100.2 -82.0
76 -200.0 -124.94 -94.0
77 -200.0 -128.26 -84.0
78 -200.0 -187.14 -91.0
79 -200.0 -191.12 -88.0
80 -200.0 -169.0 -81.0
81 -200.0 -140.54 -97.0
82 -200.0 -147.76 -81.0
83 -200.0 -148.0 -83.0
84 -200.0 -149.43 -86.0
85 -200.0 -182.58 -83.0
86 -200.0 -144.14 -85.0
87 -200.0 -131.78 -106.0
88 -200.0 -121.31 -81.0
89 -106.0 -99.25 -81.0
90 -200.0 -150.84 -114.0
91 -106.0 -101.1 -82.0
92 -117.0 -101.68 -81.0
93 -200.0 -195.73 -164.0
94 -200.0 -179.19 -161.0
95 -155.0 -111.12 -82.0
96 -200.0 -119.91 -104.0
97 -158.0 -144.99 -90.0
98 -200.0 -144.95 -113.0
99 -108.0 -101.59 -82.0
