0 -200.0 -200.0 -200.0
1 -200.0 -200.0 -200.0
2 -200.0 -200.0 -200.0
3 -200.0 -200.0 -200.0
4 -200.0 -200.0 -200.0
5 -200.0 -200.0 -200.0
6 -200.0 -200.0 -200.0
7 -200.0 -200.0 -200.0
8 -200.0 -200.0 -200.0
9 -200.0 -200.0 -200.0
10 -200.0 -200.0 -200.0
11 -200.0 -200.0 -200.0
12 -200.0 -200.0 -200.0
13 -200.0 -200.0 -200.0
14 -200.0 -200.0 -200.0
15 -200.0 -200.0 -200.0
16 -200.0 -200.0 -200.0
17 -200.0 -200.0 -200.0
18 -200.0 -200.0 -200.0
19 -200.0 -200.0 -200.0
20 -200.0 -200.0 -200.0
21 -200.0 -193.63 -119.0
22 -200.0 -200.0 -200.0
23 -200.0 -200.0 -200.0
24 -200.0 -200.0 -200.0
25 -200.0 -200.0 -200.0
26 -200.0 -200.0 -200.0
27 -200.0 -200.0 -200.0
28 -200.0 -200.0 -200.0
29 -200.0 -200.0 -200.0
30 -200.0 -200.0 -200.0
31 -200.0 -163.59 -85.0
32 -200.0 -143.7 -82.0
33 -200.0 -140.97 -81.0
34 -200.0 -200.0 -200.0
35 -200.0 -139.36 -81.0
36 -190.0 -147.36 -126.0
37 -200.0 -130.99 -81.0
38 -200.0 -139.15 -81.0
39 -200.0 -132.58 -81.0
40 -200.0 -129.4 -81.0
41 -200.0 -137.06 -81.0
42 -200.0 -147.46 -82.0
43 -200.0 -135.46 -82.0
44 -200.0 -145.58 -83.0
45 -191.0 -124.85 -82.0
46 -200.0 -139.41 -87.0
47 -200.0 -157.89 -89.0
48 -200.0 -155.68 -90.0
49 -200.0 -159.95 -90.0
50 -200.0 -142.14 -88.0
51 -200.0 -137.36 -86.0
52 -124.0 -117.25 -111.0
53 -177.0 -138.2 -85.0
54 -124.0 -117.53 -111.0
55 -135.0 -119.71 -112.0
56 -138.0 -119.31 -111.0
57 -131.0 -118.0 -112.0
58 -122.0 -115.54 -110.0
59 -200.0 -126.41 -110.0
60 -122.0 -112.72 -107.0
61 -200.0 -118.18 -83.0
62 -111.0 -99.98 -82.0
63 -189.0 -107.74 -82.0
64 -194.0 -120.24 -83.0
65 -181.0 -115.89 -82.0
66 -181.0 -113.94 -82.0
67 -200.0 -115.7 -81.0
68 -189.0 -109.05 -81.0
69 -200.0 -117.56 -83.0
70 -108.0 -105.27 -103.0
71 -104.0 -99.57 -81.0
72 -104.0 -101.11 -81.0
73 -103.0 -97.47 -81.0
74 -186.0 -100.95 -81.0
75 -105.0 -97.77 -81.0
76 -162.0 -108.1 -81.0
77 -106.0 -99.61 -81.0
78 -197.0 -106.32 -81.0
79 -128.0 -99.63 -81.0
80 -103.0 -96.84 -81.0
81 -103.0 -96.47 -81.0
82 -104.0 -99.04 -81.0
83 -109.0 -103.71 -82.0
84 -105.0 -98.31 -82.0
85 -107.0 -97.3 -81.0
86 -108.0 -100.08 -81.0
87 -108.0 -100.29 -81.0
88 -200.0 -146.44 -89.0
89 -152.0 -123.18 -87.0
90 -200.0 -187.66 -141.0
91 -200.0 -177.53 -118.0
92 -200.0 -189.89 -143.0
93 -200.0 -200.0 -200.0
94 -200.0 -200.0 -200.0
95 -200.0 -191.89 -149.0
96 -200.0 -191.71 -149.0
97 -200.0 -183.57 -149.0
98 -200.0 -163.3 -102.0
99 -200.0 -136.6 -91.0
