0 -200.0 -200.0 -200.0
1 -200.0 -200.0 -200.0
2 -200.0 -200.0 -200.0
3 -200.0 -200.0 -200.0
4 -200.0 -200.0 -200.0
5 -200.0 -200.0 -200.0
6 -200.0 -200.0 -200.0
7 -200.0 -162.07 -81.0
8 -200.0 -148.43 -83.0
9 -200.0 -140.81 -113.0
10 -200.0 -108.48 -98.0
11 -200.0 -200.0 -200.0
12 -200.0 -200.0 -200.0
13 -113.0 -107.79 -101.0
14 -125.0 -118.85 -110.0
15 -115.0 -108.83 -104.0
16 -117.0 -110.9 -104.0
17 -127.0 -118.46 -110.0
18 -200.0 -138.64 -118.0
19 -126.0 -117.71 -110.0
20 -112.0 -108.58 -104.0
21 -126.0 -119.26 -107.0
22 -138.0 -118.06 -113.0
23 -200.0 -139.87 -119.0
24 -200.0 -200.0 -200.0
25 -117.0 -109.84 -104.0
26 -200.0 -176.94 -115.0
27 -200.0 -198.1 -191.0
28 -200.0 -145.5 -119.0
29 -200.0 -133.71 -121.0
30 -121.0 -110.27 -105.0
31 -200.0 -200.0 -200.0
32 -124.0 -117.77 -113.0
33 -200.0 -137.91 -84.0
34 -200.0 -200.0 -200.0
35 -200.0 -157.32 -129.0
36 -200.0 -200.0 -200.0
37 -200.0 -197.29 -132.0
38 -200.0 -199.82 -189.0
39 -200.0 -130.4 -81.0
40 -194.0 -128.15 -82.0
41 -200.0 -134.19 -123.0
42 -200.0 -200.0 -200.0
43 -200.0 -200.0 -200.0
44 -200.0 -110.02 -102.0
45 -200.0 -200.0 -200.0
46 -200.0 -193.93 -169.0
47 -200.0 -200.0 -200.0
48 -200.0 -188.32 -138.0
49 -200.0 -200.0 -200.0
50 -200.0 -120.48 -81.0
51 -200.0 -165.46 -123.0
52 -200.0 -200.0 -200.0
53 -200.0 -184.39 -121.0
54 -146.0 -142.37 -137.0
55 -200.0 -123.21 -103.0
56 -200.0 -133.36 -111.0
57 -200.0 -192.31 -117.0
58 -190.0 -135.96 -108.0
59 -200.0 -200.0 -200.0
60 -110.0 -107.03 -104.0
61 -200.0 -129.15 -81.0
62 -200.0 -198.06 -103.0
63 -200.0 -200.0 -200.0
64 -200.0 -156.46 -124.0
65 -118.0 -114.52 -111.0
66 -200.0 -106.17 -97.0
67 -200.0 -198.44 -122.0
68 -200.0 -190.51 -164.0
69 -200.0 -200.0 -200.0
70 -200.0 -200.0 -200.0
71 -200.0 -163.91 -140.0
72 -125.0 -117.72 -111.0
73 -126.0 -117.57 -110.0
74 -121.0 -114.48 -104.0
75 -123.0 -114.06 -105.0
76 -131.0 -127.23 -122.0
77 -123.0 -117.61 -107.0
78 -127.0 -123.15 -109.0
79 -200.0 -200.0 -200.0
80 -200.0 -190.72 -128.0
81 -200.0 -133.5 -113.0
82 -200.0 -200.0 -200.0
83 -200.0 -176.71 -141.0
84 -127.0 -118.3 -110.0
85 -200.0 -200.0 -200.0
86 -200.0 -200.0 -200.0
87 -182.0 -127.84 -108.0
88 -200.0 -200.0 -200.0
89 -152.0 -135.33 -124.0
90 -200.0 -166.01 -118.0
91 -200.0 -200.0 -200.0
92 -123.0 -116.31 -109.0
93 -200.0 -144.35 -130.0
94 -200.0 -200.0 -200.0
95 -114.0 -111.04 -103.0
96 -200.0 -199.5 -150.0
97 -200.0 -170.35 -155.0
98 -200.0 -200.0 -200.0
99 -200.0 -189.51 -156.0
