0 -200.0 -200.0 -200.0
1 -200.0 -200.0 -200.0
2 -200.0 -200.0 -200.0
3 -200.0 -200.0 -200.0
4 -200.0 -200.0 -200.0
5 -200.0 -200.0 -200.0
6 -200.0 -200.0 -200.0
7 -200.0 -200.0 -200.0
8 -200.0 -199.12 -189.0
9 -200.0 -200.0 -200.0
10 -200.0 -199.91 -191.0
11 -200.0 -152.11 -105.0
12 -200.0 -145.6 -88.0
13 -200.0 -188.5 -175.0
14 -200.0 -138.49 -108.0
15 -200.0 -200.0 -200.0
16 -200.0 -184.99 -111.0
17 -200.0 -121.21 -108.0
18 -200.0 -117.05 -104.0
19 -200.0 -114.51 -105.0
20 -200.0 -200.0 -200.0
21 -179.0 -115.21 -81.0
22 -200.0 -174.29 -124.0
23 -200.0 -200.0 -200.0
24 -200.0 -200.0 -200.0
25 -200.0 -200.0 -200.0
26 -200.0 -160.0 -130.0
27 -178.0 -127.59 -104.0
28 -200.0 -138.52 -108.0
0 -200.0 -200.0 -200.0
29 -183.0 -128.4 -85.0
1 -200.0 -200.0 -200.0
30 -144.0 -112.77 -104.0
31 -200.0 -200.0 -200.0
2 -200.0 -200.0 -200.0
32 -200.0 -169.62 -120.0
3 -200.0 -200.0 -200.0
33 -200.0 -118.17 -107.0
34 -181.0 -141.64 -83.0
4 -200.0 -200.0 -200.0
35 -200.0 -186.44 -115.0
5 -200.0 -200.0 -200.0
36 -200.0 -170.88 -91.0
37 -200.0 -118.63 -105.0
6 -200.0 -200.0 -200.0
38 -200.0 -200.0 -200.0
7 -200.0 -200.0 -200.0
39 -123.0 -116.57 -111.0
40 -164.0 -131.15 -110.0
8 -200.0 -200.0 -200.0
41 -200.0 -114.1 -104.0
9 -192.0 -154.83 -131.0
42 -200.0 -112.7 -107.0
10 -200.0 -200.0 -200.0
43 -200.0 -200.0 -200.0
44 -200.0 -195.67 -110.0
11 -200.0 -200.0 -200.0
45 -185.0 -119.02 -82.0
12 -120.0 -108.81 -82.0
46 -152.0 -134.48 -107.0
13 -200.0 -103.63 -86.0
47 -158.0 -123.3 -81.0
14 -200.0 -139.61 -124.0
48 -200.0 -126.2 -81.0
15 -126.0 -109.31 -97.0
49 -200.0 -165.48 -112.0
16 -200.0 -200.0 -200.0
50 -174.0 -127.92 -108.0
17 -200.0 -200.0 -200.0
51 -200.0 -200.0 -200.0
18 -200.0 -165.29 -127.0
52 -200.0 -166.68 -111.0
19 -200.0 -120.57 -114.0
53 -156.0 -129.02 -84.0
20 -200.0 -200.0 -200.0
54 -200.0 -190.15 -157.0
21 -200.0 -131.91 -110.0
55 -196.0 -150.85 -143.0
22 -106.0 -99.37 -82.0
56 -136.0 -105.4 -84.0
57 -140.0 -108.99 -81.0
23 -200.0 -200.0 -200.0
24 -200.0 -138.47 -81.0
58 -200.0 -200.0 -200.0
25 -177.0 -126.22 -108.0
59 -200.0 -154.01 -104.0
60 -132.0 -130.26 -125.0
26 -200.0 -162.08 -108.0
61 -180.0 -139.96 -115.0
27 -200.0 -200.0 -200.0
62 -172.0 -133.65 -104.0
28 -200.0 -132.37 -112.0
63 -184.0 -119.85 -88.0
29 -200.0 -108.57 -83.0
64 -200.0 -113.56 -103.0
30 -200.0 -200.0 -200.0
65 -200.0 -187.61 -156.0
31 -200.0 -200.0 -200.0
66 -200.0 -116.7 -107.0
67 -200.0 -142.07 -105.0
32 -200.0 -200.0 -200.0
68 -200.0 -125.28 -109.0
33 -200.0 -101.04 -81.0
69 -200.0 -156.69 -105.0
34 -200.0 -123.34 -107.0
70 -200.0 -153.04 -84.0
35 -200.0 -200.0 -200.0
71 -200.0 -168.57 -125.0
36 -200.0 -165.47 -81.0
72 -162.0 -127.5 -113.0
73 -193.0 -148.42 -126.0
37 -200.0 -200.0 -200.0
38 -200.0 -106.61 -81.0
74 -200.0 -194.73 -113.0
39 -200.0 -147.67 -123.0
75 -158.0 -130.36 -106.0
40 -200.0 -200.0 -200.0
76 -200.0 -183.83 -102.0
41 -200.0 -179.13 -81.0
77 -200.0 -152.03 -109.0
42 -200.0 -102.93 -83.0
78 -166.0 -113.4 -104.0
43 -167.0 -143.99 -121.0
79 -200.0 -170.49 -140.0
44 -200.0 -123.83 -114.0
80 -200.0 -142.46 -106.0
45 -200.0 -200.0 -200.0
81 -200.0 -193.76 -154.0
46 -200.0 -147.68 -85.0
82 -163.0 -132.68 -104.0
47 -200.0 -152.45 -104.0
83 -200.0 -171.02 -124.0
84 -200.0 -123.54 -114.0
48 -200.0 -200.0 -200.0
49 -200.0 -97.47 -81.0
85 -200.0 -200.0 -200.0
50 -200.0 -197.85 -92.0
86 -200.0 -200.0 -200.0
51 -116.0 -104.94 -81.0
87 -200.0 -117.07 -106.0
88 -136.0 -133.34 -131.0
52 -200.0 -132.26 -81.0
89 -200.0 -180.18 -107.0
53 -200.0 -174.67 -84.0
90 -200.0 -161.18 -104.0
54 -200.0 -200.0 -200.0
91 -110.0 -106.18 -103.0
55 -200.0 -116.13 -81.0
92 -119.0 -105.02 -84.0
56 -115.0 -104.28 -82.0
93 -200.0 -200.0 -200.0
57 -200.0 -169.76 -104.0
94 -169.0 -145.39 -111.0
95 -200.0 -174.49 -115.0
58 -200.0 -200.0 -200.0
96 -200.0 -154.27 -105.0
59 -200.0 -145.48 -82.0
97 -200.0 -138.39 -122.0
60 -200.0 -200.0 -200.0
98 -200.0 -191.86 -119.0
61 -200.0 -200.0 -200.0
99 -175.0 -135.09 -82.0
62 -132.0 -113.96 -101.0
63 -200.0 -200.0 -200.0
64 -200.0 -200.0 -200.0
65 -200.0 -146.86 -87.0
66 -200.0 -107.9 -81.0
67 -200.0 -200.0 -200.0
68 -200.0 -200.0 -200.0
69 -200.0 -200.0 -200.0
70 -200.0 -139.73 -88.0
71 -140.0 -122.33 -97.0
72 -142.0 -122.51 -83.0
73 -200.0 -200.0 -200.0
74 -109.0 -101.88 -81.0
75 -200.0 -159.21 -83.0
76 -200.0 -148.0 -81.0
77 -200.0 -200.0 -200.0
78 -200.0 -150.0 -88.0
79 -200.0 -149.02 -83.0
80 -200.0 -200.0 -200.0
81 -200.0 -158.24 -124.0
82 -200.0 -200.0 -200.0
83 -200.0 -101.98 -82.0
84 -200.0 -200.0 -200.0
85 -200.0 -100.15 -82.0
86 -200.0 -186.61 -148.0
87 -200.0 -138.06 -113.0
88 -176.0 -109.31 -82.0
89 -200.0 -111.45 -96.0
90 -200.0 -150.79 -82.0
91 -200.0 -173.16 -82.0
92 -191.0 -131.47 -85.0
93 -160.0 -131.14 -82.0
94 -200.0 -199.62 -180.0
95 -127.0 -108.19 -81.0
96 -200.0 -141.09 -83.0
97 -200.0 -200.0 -200.0
98 -200.0 -200.0 -200.0
99 -200.0 -189.98 -137.0
