0 -200.0 -200.0 -200.0
1 -200.0 -200.0 -200.0
2 -200.0 -182.73 -142.0
3 -200.0 -124.36 -101.0
4 -158.0 -109.51 -81.0
5 -200.0 -199.26 -175.0
6 -200.0 -136.77 -82.0
7 -155.0 -125.29 -107.0
8 -200.0 -138.78 -118.0
9 -200.0 -143.81 -134.0
10 -200.0 -117.67 -82.0
11 -200.0 -142.0 -104.0
12 -200.0 -200.0 -200.0
13 -172.0 -134.63 -85.0
14 -200.0 -108.98 -83.0
15 -200.0 -157.13 -112.0
16 -200.0 -168.57 -134.0
17 -146.0 -134.51 -86.0
18 -172.0 -135.58 -83.0
19 -200.0 -175.89 -133.0
20 -200.0 -173.2 -141.0
21 -200.0 -193.62 -93.0
22 -200.0 -181.33 -146.0
23 -200.0 -161.15 -142.0
24 -200.0 -160.09 -95.0
25 -200.0 -200.0 -200.0
26 -200.0 -195.12 -160.0
27 -200.0 -129.28 -105.0
28 -200.0 -171.4 -144.0
29 -200.0 -171.44 -110.0
0 -200.0 -178.25 -111.0
30 -200.0 -152.93 -84.0
31 -200.0 -200.0 -200.0
1 -200.0 -200.0 -200.0
32 -169.0 -131.44 -82.0
33 -200.0 -162.66 -87.0
2 -200.0 -200.0 -200.0
34 -200.0 -181.59 -156.0
35 -200.0 -200.0 -200.0
3 -200.0 -200.0 -200.0
36 -166.0 -131.16 -84.0
37 -200.0 -160.19 -155.0
4 -200.0 -200.0 -200.0
38 -130.0 -128.12 -126.0
39 -200.0 -127.09 -82.0
5 -200.0 -200.0 -200.0
40 -200.0 -144.1 -81.0
41 -200.0 -122.9 -105.0
6 -200.0 -200.0 -200.0
42 -200.0 -129.31 -111.0
43 -200.0 -125.32 -106.0
7 -200.0 -200.0 -200.0
44 -200.0 -200.0 -200.0
45 -200.0 -179.71 -119.0
46 -200.0 -142.45 -108.0
47 -190.0 -142.76 -83.0
0 -200.0 -193.46 -136.0
48 -200.0 -193.24 -141.0
49 -147.0 -140.7 -134.0
1 -200.0 -200.0 -200.0
50 -200.0 -155.68 -81.0
51 -200.0 -139.99 -109.0
2 -200.0 -200.0 -200.0
52 -200.0 -200.0 -200.0
3 -200.0 -200.0 -200.0
53 -200.0 -200.0 -200.0
54 -148.0 -143.29 -121.0
4 -200.0 -200.0 -200.0
55 -187.0 -141.43 -134.0
5 -200.0 -200.0 -200.0
56 -200.0 -170.98 -132.0
57 -200.0 -124.55 -105.0
6 -200.0 -200.0 -200.0
58 -200.0 -143.26 -113.0
59 -200.0 -163.7 -152.0
7 -200.0 -200.0 -200.0
60 -200.0 -157.61 -111.0
61 -200.0 -161.6 -129.0
8 -200.0 -200.0 -200.0
62 -200.0 -154.92 -140.0
63 -200.0 -115.01 -105.0
0 -200.0 -200.0 -200.0
64 -200.0 -191.13 -110.0
1 -200.0 -200.0 -200.0
65 -140.0 -127.87 -113.0
66 -200.0 -118.36 -88.0
67 -146.0 -142.11 -138.0
68 -200.0 -181.92 -159.0
69 -200.0 -128.86 -106.0
70 -157.0 -137.24 -113.0
71 -200.0 -161.8 -128.0
72 -200.0 -128.36 -83.0
73 -200.0 -117.81 -103.0
74 -200.0 -183.31 -119.0
75 -200.0 -198.66 -133.0
76 -200.0 -159.74 -81.0
77 -200.0 -147.78 -81.0
78 -200.0 -200.0 -200.0
79 -200.0 -138.75 -101.0
80 -200.0 -156.84 -109.0
81 -200.0 -112.16 -82.0
82 -195.0 -124.29 -107.0
83 -200.0 -170.76 -119.0
84 -200.0 -158.05 -104.0
85 -200.0 -137.02 -82.0
86 -200.0 -183.88 -147.0
87 -200.0 -200.0 -200.0
88 -200.0 -195.33 -168.0
89 -200.0 -200.0 -200.0
90 -200.0 -129.28 -114.0
91 -200.0 -167.03 -131.0
92 -200.0 -127.9 -95.0
93 -183.0 -119.26 -82.0
94 -200.0 -143.95 -128.0
95 -200.0 -170.24 -113.0
96 -200.0 -171.68 -132.0
97 -190.0 -122.01 -82.0
98 -200.0 -148.27 -82.0
99 -200.0 -110.17 -82.0
