0 -200.0 -200.0 -200.0
1 -200.0 -200.0 -200.0
2 -200.0 -199.67 -193.0
3 -200.0 -200.0 -200.0
4 -200.0 -188.84 -159.0
5 -200.0 -200.0 -200.0
6 -200.0 -200.0 -200.0
7 -200.0 -149.4 -108.0
8 -200.0 -154.37 -107.0
9 -200.0 -148.95 -104.0
10 -200.0 -200.0 -200.0
11 -200.0 -200.0 -200.0
12 -200.0 -200.0 -200.0
13 -200.0 -116.27 -104.0
14 -200.0 -124.97 -107.0
15 -200.0 -178.58 -141.0
16 -200.0 -200.0 -200.0
17 -200.0 -200.0 -200.0
18 -200.0 -181.41 -140.0
19 -200.0 -200.0 -200.0
20 -200.0 -134.9 -116.0
21 -167.0 -122.83 -103.0
22 -200.0 -194.31 -182.0
23 -200.0 -200.0 -200.0
24 -200.0 -200.0 -200.0
25 -200.0 -200.0 -200.0
26 -200.0 -200.0 -200.0
27 -200.0 -200.0 -200.0
28 -200.0 -200.0 -200.0
29 -200.0 -184.56 -112.0
30 -200.0 -200.0 -200.0
31 -200.0 -200.0 -200.0
32 -200.0 -200.0 -200.0
33 -200.0 -200.0 -200.0
34 -200.0 -117.83 -105.0
35 -200.0 -200.0 -200.0
36 -200.0 -200.0 -200.0
37 -200.0 -200.0 -200.0
38 -200.0 -200.0 -200.0
39 -200.0 -147.13 -121.0
40 -200.0 -200.0 -200.0
41 -200.0 -200.0 -200.0
42 -200.0 -200.0 -200.0
43 -200.0 -200.0 -200.0
44 -200.0 -200.0 -200.0
45 -200.0 -200.0 -200.0
46 -190.0 -164.07 -107.0
47 -200.0 -121.44 -110.0
48 -200.0 -158.49 -86.0
49 -200.0 -200.0 -200.0
50 -200.0 -200.0 -200.0
51 -200.0 -158.34 -132.0
52 -200.0 -200.0 -200.0
53 -200.0 -200.0 -200.0
54 -200.0 -200.0 -200.0
55 -200.0 -200.0 -200.0
56 -200.0 -200.0 -200.0
57 -200.0 -153.59 -109.0
58 -200.0 -200.0 -200.0
59 -200.0 -122.92 -104.0
60 -200.0 -160.52 -112.0
61 -200.0 -185.67 -161.0
62 -183.0 -138.79 -105.0
63 -200.0 -200.0 -200.0
64 -200.0 -199.38 -184.0
65 -200.0 -194.97 -173.0
66 -200.0 -155.06 -109.0
67 -200.0 -196.42 -183.0
68 -200.0 -200.0 -200.0
69 -184.0 -158.86 -128.0
70 -130.0 -119.8 -107.0
71 -200.0 -190.96 -177.0
72 -200.0 -181.98 -119.0
73 -200.0 -134.26 -109.0
74 -200.0 -200.0 -200.0
75 -200.0 -200.0 -200.0
76 -200.0 -200.0 -200.0
77 -200.0 -200.0 -200.0
78 -200.0 -200.0 -200.0
79 -200.0 -187.6 -124.0
80 -200.0 -200.0 -200.0
81 -200.0 -180.97 -123.0
82 -200.0 -200.0 -200.0
83 -200.0 -196.56 -184.0
84 -200.0 -200.0 -200.0
85 -200.0 -200.0 -200.0
86 -200.0 -200.0 -200.0
87 -200.0 -200.0 -200.0
88 -200.0 -200.0 -200.0
89 -200.0 -188.17 -151.0
90 -200.0 -138.62 -91.0
91 -200.0 -200.0 -200.0
92 -200.0 -149.13 -104.0
93 -200.0 -200.0 -200.0
94 -200.0 -200.0 -200.0
95 -200.0 -200.0 -200.0
96 -200.0 -199.84 -184.0
97 -200.0 -200.0 -200.0
98 -200.0 -200.0 -200.0
99 -200.0 -200.0 -200.0
