0 -200.0 -192.88 -171.0
1 -200.0 -200.0 -200.0
2 -200.0 -200.0 -200.0
3 -200.0 -200.0 -200.0
4 -200.0 -200.0 -200.0
5 -200.0 -200.0 -200.0
6 -200.0 -173.83 -136.0
7 -200.0 -200.0 -200.0
8 -200.0 -200.0 -200.0
9 -200.0 -200.0 -200.0
10 -200.0 -197.68 -187.0
11 -200.0 -200.0 -200.0
12 -200.0 -200.0 -200.0
13 -200.0 -200.0 -200.0
14 -200.0 -200.0 -200.0
15 -200.0 -200.0 -200.0
16 -200.0 -200.0 -200.0
17 -200.0 -184.26 -153.0
18 -200.0 -175.91 -137.0
19 -200.0 -193.53 -146.0
20 -200.0 -200.0 -200.0
21 -200.0 -200.0 -200.0
22 -200.0 -189.61 -175.0
23 -200.0 -200.0 -200.0
24 -200.0 -200.0 -200.0
25 -200.0 -167.17 -135.0
26 -200.0 -140.61 -105.0
27 -200.0 -200.0 -200.0
28 -200.0 -200.0 -200.0
29 -200.0 -200.0 -200.0
30 -200.0 -200.0 -200.0
31 -200.0 -200.0 -200.0
32 -200.0 -200.0 -200.0
33 -200.0 -200.0 -200.0
34 -200.0 -200.0 -200.0
35 -200.0 -199.71 -195.0
36 -200.0 -200.0 -200.0
37 -200.0 -200.0 -200.0
38 -200.0 -200.0 -200.0
39 -200.0 -200.0 -200.0
40 -200.0 -141.81 -104.0
41 -200.0 -200.0 -200.0
42 -200.0 -200.0 -200.0
43 -200.0 -200.0 -200.0
44 -200.0 -200.0 -200.0
45 -200.0 -200.0 -200.0
46 -200.0 -157.29 -134.0
47 -200.0 -200.0 -200.0
48 -200.0 -200.0 -200.0
49 -200.0 -156.88 -104.0
50 -200.0 -196.49 -166.0
51 -200.0 -200.0 -200.0
52 -200.0 -200.0 -200.0
53 -200.0 -200.0 -200.0
54 -200.0 -200.0 -200.0
55 -200.0 -200.0 -200.0
56 -200.0 -191.52 -179.0
57 -200.0 -200.0 -200.0
58 -200.0 -200.0 -200.0
59 -200.0 -200.0 -200.0
60 -200.0 -200.0 -200.0
61 -160.0 -118.49 -103.0
62 -200.0 -164.19 -134.0
63 -200.0 -200.0 -200.0
64 -200.0 -199.68 -172.0
65 -200.0 -200.0 -200.0
66 -200.0 -200.0 -200.0
67 -200.0 -200.0 -200.0
68 -200.0 -170.23 -119.0
69 -200.0 -144.09 -112.0
70 -200.0 -200.0 -200.0
71 -200.0 -200.0 -200.0
72 -200.0 -200.0 -200.0
73 -200.0 -200.0 -200.0
74 -200.0 -200.0 -200.0
75 -200.0 -200.0 -200.0
76 -200.0 -200.0 -200.0
77 -200.0 -200.0 -200.0
78 -200.0 -200.0 -200.0
79 -200.0 -200.0 -200.0
80 -200.0 -200.0 -200.0
81 -200.0 -200.0 -200.0
82 -200.0 -200.0 -200.0
83 -200.0 -200.0 -200.0
84 -200.0 -200.0 -200.0
85 -200.0 -200.0 -200.0
86 -200.0 -200.0 -200.0
87 -200.0 -200.0 -200.0
88 -200.0 -200.0 -200.0
89 -200.0 -200.0 -200.0
90 -200.0 -200.0 -200.0
91 -200.0 -197.41 -190.0
92 -200.0 -200.0 -200.0
93 -200.0 -198.3 -157.0
94 -200.0 -200.0 -200.0
95 -200.0 -200.0 -200.0
96 -200.0 -193.87 -177.0
97 -200.0 -200.0 -200.0
98 -200.0 -200.0 -200.0
99 -200.0 -200.0 -200.0
