0 -1000.0 -358.17 -107.0
1 -1000.0 -1000.0 -1000.0
2 -1000.0 -1000.0 -1000.0
3 -1000.0 -1000.0 -1000.0
4 -1000.0 -1000.0 -1000.0
5 -1000.0 -1000.0 -1000.0
6 -1000.0 -1000.0 -1000.0
7 -111.0 -108.42 -107.0
8 -1000.0 -1000.0 -1000.0
9 -1000.0 -478.29 -118.0
10 -1000.0 -974.67 -155.0
11 -229.0 -147.37 -107.0
12 -1000.0 -334.54 -137.0
13 -1000.0 -248.19 -81.0
14 -157.0 -144.05 -138.0
15 -1000.0 -386.64 -83.0
16 -1000.0 -338.51 -106.0
17 -1000.0 -270.96 -106.0
18 -1000.0 -153.34 -139.0
19 -1000.0 -822.3 -102.0
20 -1000.0 -316.57 -110.0
21 -1000.0 -422.35 -113.0
22 -1000.0 -464.3 -118.0
23 -1000.0 -517.89 -110.0
24 -1000.0 -226.93 -110.0
25 -170.0 -140.51 -84.0
26 -1000.0 -1000.0 -1000.0
27 -1000.0 -202.01 -109.0
28 -159.0 -140.76 -105.0
29 -1000.0 -133.59 -103.0
30 -155.0 -149.85 -148.0
31 -133.0 -126.31 -112.0
32 -153.0 -120.89 -102.0
33 -218.0 -119.72 -82.0
34 -155.0 -127.3 -102.0
35 -149.0 -132.88 -128.0
36 -1000.0 -583.54 -102.0
37 -1000.0 -251.47 -82.0
38 -1000.0 -496.62 -175.0
39 -1000.0 -950.34 -159.0
40 -1000.0 -313.29 -157.0
41 -1000.0 -570.44 -153.0
42 -1000.0 -1000.0 -1000.0
43 -1000.0 -402.61 -134.0
44 -1000.0 -654.98 -89.0
45 -248.0 -178.92 -149.0
46 -137.0 -133.65 -131.0
47 -159.0 -127.73 -108.0
48 -236.0 -170.03 -97.0
49 -146.0 -124.76 -108.0
50 -1000.0 -859.95 -175.0
51 -1000.0 -641.28 -120.0
52 -189.0 -126.88 -82.0
53 -1000.0 -406.05 -105.0
54 -1000.0 -126.56 -113.0
55 -185.0 -126.44 -82.0
56 -1000.0 -148.91 -83.0
57 -1000.0 -795.67 -105.0
58 -1000.0 -155.72 -115.0
59 -1000.0 -202.75 -86.0
60 -190.0 -153.16 -120.0
61 -1000.0 -1000.0 -1000.0
62 -1000.0 -223.89 -105.0
63 -198.0 -134.95 -81.0
64 -1000.0 -784.51 -132.0
65 -211.0 -167.67 -127.0
66 -1000.0 -469.5 -104.0
67 -1000.0 -1000.0 -1000.0
68 -1000.0 -420.64 -119.0
69 -1000.0 -799.4 -110.0
70 -1000.0 -290.52 -121.0
71 -1000.0 -208.73 -119.0
72 -1000.0 -221.41 -138.0
73 -1000.0 -515.58 -116.0
74 -1000.0 -229.0 -109.0
75 -1000.0 -738.35 -119.0
76 -144.0 -133.03 -108.0
77 -130.0 -116.03 -106.0
78 -1000.0 -446.39 -106.0
79 -1000.0 -1000.0 -1000.0
80 -129.0 -116.82 -83.0
81 -1000.0 -516.35 -110.0
82 -1000.0 -1000.0 -1000.0
83 -156.0 -130.02 -81.0
84 -1000.0 -396.7 -88.0
85 -1000.0 -856.02 -149.0
86 -1000.0 -812.98 -133.0
87 -1000.0 -1000.0 -1000.0
88 -1000.0 -1000.0 -1000.0
89 -1000.0 -254.42 -129.0
90 -1000.0 -756.27 -123.0
91 -177.0 -162.82 -146.0
92 -1000.0 -1000.0 -1000.0
93 -1000.0 -1000.0 -1000.0
94 -1000.0 -1000.0 -1000.0
95 -1000.0 -1000.0 -1000.0
96 -1000.0 -1000.0 -1000.0
97 -1000.0 -1000.0 -1000.0
98 -1000.0 -886.99 -129.0
99 -1000.0 -837.18 -109.0
