0 -200.0 -200.0 -200.0
1 -200.0 -200.0 -200.0
2 -200.0 -198.47 -193.0
3 -200.0 -200.0 -200.0
4 -200.0 -200.0 -200.0
5 -200.0 -200.0 -200.0
6 -107.0 -102.31 -85.0
7 -200.0 -161.31 -127.0
8 -108.0 -101.34 -84.0
9 -200.0 -186.02 -99.0
10 -200.0 -149.78 -118.0
11 -200.0 -200.0 -200.0
12 -106.0 -102.01 -85.0
13 -200.0 -162.7 -82.0
14 -200.0 -200.0 -200.0
15 -200.0 -200.0 -200.0
16 -200.0 -121.1 -99.0
17 -157.0 -106.94 -81.0
18 -189.0 -111.33 -81.0
19 -200.0 -200.0 -200.0
20 -162.0 -120.33 -99.0
21 -200.0 -200.0 -200.0
22 -159.0 -117.13 -82.0
23 -106.0 -100.53 -83.0
24 -106.0 -101.77 -84.0
25 -200.0 -180.35 -90.0
26 -200.0 -120.02 -81.0
27 -200.0 -198.27 -189.0
28 -171.0 -116.96 -81.0
29 -107.0 -98.68 -82.0
30 -200.0 -184.89 -82.0
31 -138.0 -112.76 -82.0
32 -200.0 -131.74 -108.0
33 -200.0 -200.0 -200.0
34 -200.0 -200.0 -200.0
35 -200.0 -149.5 -81.0
36 -160.0 -110.81 -81.0
37 -200.0 -191.4 -129.0
38 -200.0 -122.78 -93.0
39 -200.0 -131.72 -103.0
40 -200.0 -176.86 -82.0
41 -119.0 -99.81 -82.0
42 -200.0 -179.27 -90.0
43 -200.0 -189.48 -82.0
44 -200.0 -200.0 -200.0
45 -200.0 -198.12 -185.0
46 -200.0 -158.04 -82.0
47 -200.0 -149.15 -81.0
48 -200.0 -186.11 -159.0
49 -200.0 -150.39 -125.0
50 -170.0 -119.71 -84.0
51 -200.0 -171.58 -150.0
52 -164.0 -112.24 -82.0
53 -200.0 -162.99 -110.0
54 -200.0 -194.24 -153.0
55 -161.0 -117.1 -100.0
56 -200.0 -200.0 -200.0
57 -200.0 -200.0 -200.0
58 -200.0 -111.19 -81.0
59 -200.0 -154.39 -85.0
60 -200.0 -190.51 -136.0
61 -200.0 -153.07 -91.0
62 -200.0 -137.23 -84.0
63 -105.0 -100.47 -83.0
64 -200.0 -129.32 -108.0
65 -200.0 -185.9 -85.0
66 -200.0 -126.74 -99.0
67 -200.0 -133.41 -116.0
68 -200.0 -200.0 -200.0
69 -200.0 -164.08 -134.0
70 -198.0 -147.29 -92.0
71 -118.0 -109.36 -90.0
72 -200.0 -185.54 -160.0
73 -138.0 -124.36 -86.0
74 -200.0 -173.25 -111.0
75 -168.0 -124.95 -102.0
76 -111.0 -104.93 -91.0
77 -113.0 -104.37 -86.0
78 -200.0 -143.74 -88.0
79 -166.0 -115.8 -85.0
80 -107.0 -103.24 -87.0
81 -168.0 -113.58 -84.0
82 -121.0 -100.93 -84.0
83 -200.0 -200.0 -200.0
84 -184.0 -126.44 -108.0
85 -200.0 -200.0 -200.0
86 -200.0 -123.39 -101.0
87 -200.0 -152.81 -90.0
88 -200.0 -116.18 -84.0
89 -200.0 -184.23 -91.0
90 -200.0 -200.0 -200.0
91 -200.0 -200.0 -200.0
92 -117.0 -104.6 -82.0
93 -110.0 -102.0 -81.0
94 -191.0 -134.06 -110.0
95 -200.0 -155.4 -104.0
96 -118.0 -107.74 -89.0
97 -200.0 -200.0 -200.0
98 -200.0 -200.0 -200.0
99 -200.0 -182.36 -108.0
